11111111111111111111111111110011
11111111111111111111111111100111
11111111111111111111111111111101
11111111111111111111111111111011
11111111111111111111111111101101
11111111111111111111111111011110
11111111111111111111111111111111
11111111111111111111111111110111
11111111111111111111111111101111
11111111111111111111111111111110
11111111111111111111111111111001
11111111111111111111111111110101
01100000000000000000000000000000
01000000000000000000000000000000
00110000000000000000000000000000
01010000000000000000000000000000
00001000000000000000000000000000
10000000000000000000000000000000
00000000000000000000000000000000
00100000000000000000000000000000
10000100000000000000000000000000
11111111111111111111111111101011
00010000000000000000000000000000
01001000000000000000000000000000
00011000000000000000000000000000
00101000000000000000000000000000
11111111111111111111111111111010
10001000000000000000000000000000
10010000000000000000000000000000
11000000000000000000000000000000
11111111111111111111111111111100
11111111111111111111111111110110
